-0.165956 0.440649
-0.999771 -0.395335
-0.706488 -0.815323
-0.627480 -0.308879
-0.206465 0.077633
-0.161611 0.370439
-0.591096 0.756235
-0.945225 0.340935
-0.165390 0.117380
-0.719226 -0.603797
0.601489 0.936523
-0.373152 0.384645
0.752778 0.789213
-0.829912 -0.921890
-0.660339 0.756285
-0.803306 -0.157785
0.915779 0.066331
0.383754 -0.368969
0.373002 0.669251
-0.963423 0.500289
0.977722 0.496331
-0.439112 0.578559
-0.793548 -0.104213
0.817191 -0.412772
-0.424449 -0.739943
-0.961266 0.357671
-0.576744 -0.468907
-0.016854 -0.893275
0.148235 -0.706543
0.178611 0.399517
-0.795331 -0.171888
0.388800 -0.171641
-0.900093 0.071793
0.327589 0.029778
0.889190 0.173110
0.806804 -0.725051
-0.721447 0.614783
-0.204646 -0.669292
0.855017 -0.304468
0.501624 0.451996
0.766612 0.247344
0.501885 -0.302203
-0.460144 0.791772
-0.143818 0.929680
0.326883 0.243391
-0.770508 0.898979
-0.100176 0.156779
-0.183726 -0.525946
0.806759 0.147359
-0.994259 0.234290
-0.346710 0.054116
0.771884 -0.285460
0.817070 0.246720
-0.968358 0.858874
0.381794 0.994646
-0.655319 -0.725729
0.865191 0.393636
-0.868000 0.510926
0.507752 0.846049
0.423050 -0.751458
-0.960240 -0.947578
-0.943387 -0.507578
0.720056 0.077662
0.105644 0.684062
-0.751653 -0.441633
0.171519 0.939191
0.122060 -0.962705
0.601265 -0.534051
0.614210 -0.224279
0.727084 0.494243
0.112480 -0.727090
-0.880165 -0.757313
-0.910896 -0.785012
-0.548581 0.425978
0.119434 -0.974888
-0.856051 0.934553
0.136201 -0.593414
-0.495349 0.487652
-0.609141 0.162718
0.940040 0.693658
-0.520304 -0.012461
0.239911 0.657962
-0.686417 -0.962848
-0.859956 -0.027310
0.212659 0.137703
-0.365275 0.977232
0.159490 -0.239718
0.101896 0.490669
0.338466 -0.470161
-0.867330 -0.259832
0.259435 -0.579652
0.505511 -0.866927
-0.479370 0.609509
-0.613131 0.278922
0.049341 0.849616
-0.473406 -0.868078
0.470132 0.544356
0.815632 0.863944
-0.972097 -0.531276
0.233557 0.898033
0.900352 0.113306
0.831213 0.283132
-0.219985 -0.028019
0.208621 0.099096
0.852363 0.837467
-0.210249 0.926525
-0.652089 -0.747341
-0.729842 0.011324
-0.956950 0.895940
0.654231 -0.969962
-0.647607 -0.335873
-0.738006 0.618981
-0.310527 0.880215
0.164028 0.757664
0.689469 0.810785
-0.080239 0.092694
0.597207 -0.428562
-0.019493 0.198221
-0.968933 0.186963
-0.132647 0.614721
-0.369510 0.785777
0.155714 -0.631980
0.575858 0.224062
-0.892181 -0.159613
0.358138 0.837204
-0.999196 0.953518
-0.246839 0.947567
0.209432 0.657692
0.149423 0.256152
-0.428847 0.173667
0.500044 0.716628
0.510164 0.396114
0.728959 -0.354638
0.341578 -0.098252
-0.235794 -0.178377
-0.197041 -0.365232
0.243839 -0.139505
0.947604 0.355602
-0.602860 -0.146598
-0.313308 0.595278
0.759997 0.807684
0.325440 -0.459583
-0.495267 0.709796
0.055429 0.604322
0.144977 0.466285
0.038023 0.541768
0.137716 -0.068580
-0.314622 -0.863581
-0.244152 -0.840748
0.965634 -0.636774
0.623717 0.749923
0.376827 0.138989
-0.678057 -0.066240
-0.309656 -0.549920
0.185024 -0.375460
0.832611 0.819271
-0.485763 -0.778217
-0.614075 -0.000832
0.457171 -0.583611
-0.503933 0.703344
-0.168303 0.233370
-0.532668 -0.796065
0.031714 -0.045718
-0.694657 0.243612
0.088020 0.308275
-0.710909 0.503056
-0.555902 0.038704
0.570592 -0.955339
-0.351275 0.745845
0.689419 0.076881
0.733217 0.899612
0.652814 0.708231
-0.802513 0.302609
0.407034 0.220482
0.599231 -0.930858
0.540477 0.463457
-0.480603 -0.485861
0.264607 -0.309405
0.593177 -0.107708
0.565499 0.980944
-0.399503 -0.713988
0.802617 0.083119
0.949481 0.273209
0.987826 0.092142
0.052852 -0.729144
-0.288590 -0.947563
-0.679210 0.491274
-0.939201 -0.266914
0.724693 0.385355
0.381884 -0.622726
-0.116191 0.163155
0.979503 -0.592188
-0.504534 -0.475654
0.500345 -0.086049
-0.886141 0.017032
-0.576080 0.597208
-0.405337 -0.944788
0.186865 0.687681
-0.237968 0.499717
0.022283 0.081904
0.918869 0.607922
-0.935354 0.418775
-0.069997 0.895098
-0.557135 -0.465856
-0.837052 -0.142762
-0.781962 0.267574
0.605926 0.393601
0.532423 -0.315092
0.691703 -0.142462
0.648020 0.252992
-0.713154 -0.843226
-0.963335 -0.866550
-0.082832 -0.773316
-0.944433 0.509723
-0.210299 0.493877
-0.095190 -0.099827
-0.043855 -0.051992
0.606327 -0.195215
0.809372 -0.925878
0.547749 -0.748717
0.237027 -0.979271
0.077255 -0.993964
0.902388 0.810804
0.591934 0.830549
-0.708884 -0.684540
-0.624737 0.244992
0.811619 0.979910
0.422245 0.463601
0.818586 -0.198253
-0.500299 -0.653140
-0.761086 0.625221
-0.706415 -0.471405
0.638178 -0.378825
0.964835 -0.466723
0.067307 -0.371066
0.821546 -0.266887
-0.132815 0.024585
0.877773 -0.938102
0.433757 0.782038
-0.945426 0.044102
-0.348020 0.718979
0.117033 0.380456
-0.094293 0.256618
-0.419806 -0.981303
0.153512 -0.377112
0.034535 0.832812
-0.147050 -0.505208
-0.257412 0.863722
0.873737 0.688660
0.840413 -0.544199
-0.825036 -0.545381
-0.371247 -0.650468
0.214188 -0.172827
0.632703 -0.629739
0.403753 -0.519289
0.148438 -0.302025
-0.886071 -0.542373
0.328205 -0.005500
0.038032 -0.650560
0.141432 0.993507
0.633670 0.188745
0.951978 0.803125
0.191216 -0.935147
-0.812846 -0.869257
-0.096534 -0.249130
0.950700 -0.664033
0.945575 0.534950
0.648476 0.265232
0.337466 -0.046235
-0.973727 -0.293988
-0.015856 0.460182
-0.062743 -0.085190
-0.724675 -0.978223
0.516557 -0.360094
0.968767 -0.559532
-0.322584 0.047792
0.509783 -0.072284
-0.750355 -0.374997
0.009038 0.347698
0.540300 -0.739328
-0.954170 0.038165
0.619977 -0.974792
0.344940 0.373616
-0.101506 0.829577
0.288722 -0.989520
-0.031143 0.718636
0.660799 0.298308
0.347397 0.156999
-0.451760 0.121060
0.343460 -0.295141
0.711657 -0.609925
0.494642 -0.420795
0.547599 -0.144525
0.615397 -0.292930
-0.572614 0.534569
-0.382716 0.466490
0.488946 -0.557207
-0.571776 -0.602104
-0.714963 -0.245835
-0.946744 -0.778159
0.349128 0.599553
-0.838941 -0.536595
-0.584749 0.834667
0.422629 0.107769
-0.390964 0.669708
-0.129388 0.846912
0.412104 -0.043937
-0.747580 0.952087
-0.680333 -0.594796
-0.137636 -0.191596
-0.706497 0.458638
-0.622510 0.287791
0.508612 -0.578535
0.201908 0.497857
0.276437 0.194255
-0.409035 0.463213
0.890617 -0.148877
0.564364 -0.887718
0.670543 -0.615500
-0.209806 -0.399838
-0.839793 0.809262
-0.259692 0.061395
-0.011767 -0.735678
-0.587092 -0.847622
0.015843 -0.476901
-0.285877 -0.783869
0.575104 -0.786832
0.971418 -0.645678
0.144810 -0.910309
0.574233 -0.620788
0.055808 0.480155
-0.700137 0.102174
-0.566766 0.518392
0.445830 -0.646902
0.723933 -0.960450
0.720474 0.117808
-0.193559 0.517494
0.433858 0.974652
-0.443830 -0.992413
0.867805 0.715794
0.457702 0.033378
0.413912 0.561059
-0.250248 0.540645
0.501249 0.226422
-0.196268 0.394616
-0.993774 0.549793
0.792833 -0.521369
-0.758466 -0.559432
-0.395807 0.766057
0.086333 -0.426577
-0.723291 -0.419711
0.227742 -0.351723
-0.085280 -0.111766
0.656271 -0.147304
-0.308602 0.349943
-0.557036 -0.065508
-0.370469 0.253711
0.754721 -0.104622
0.568915 -0.086069
0.312459 -0.736318
-0.134037 0.818624
0.210958 0.533549
0.009401 -0.003889
0.685800 -0.864386
0.146545 0.885525
0.035720 -0.611068
0.695879 -0.496722
0.401452 0.080522
0.897673 0.248673
0.675956 -0.984134
0.978680 -0.844571
-0.355741 0.892305
-0.982122 0.645460
0.722423 -0.120338
-0.488510 0.605379
-0.044276 -0.731323
0.855698 0.791940
-0.016910 0.713405
-0.162844 0.366930
-0.204019 0.011484
-0.620897 0.929978
-0.411569 -0.793081
-0.711369 -0.971815
0.431891 0.128997
0.589157 0.014160
0.583642 0.391528
0.555697 -0.187034
0.295541 -0.640411
-0.356360 -0.654791
-0.182726 -0.517163
-0.186156 0.950445
-0.359361 0.964982
0.272612 -0.249818
0.714969 0.239173
-0.495934 0.585711
-0.134123 -0.284978
-0.339446 0.394738
-0.462700 0.616556
-0.409422 0.088243
-0.024157 0.710713
0.776773 -0.631231
0.170697 0.796410
-0.107766 0.843737
-0.442018 0.217662
0.364907 -0.543589
-0.972465 -0.166552
0.876964 -0.313944
0.559489 -0.650527
-0.316094 -0.710805
0.433542 0.398615
0.376995 -0.493208
0.384720 -0.545405
-0.150702 -0.256156
-0.289384 -0.884690
0.263293 0.414633
0.227177 0.296626
-0.660119 -0.701106
0.028350 0.750665
-0.632093 -0.074322
-0.142135 -0.005422
-0.676978 -0.315119
-0.476239 0.689054
0.600664 -0.146722
0.214031 -0.709069
0.019227 -0.406106
0.719302 0.343197
0.266948 -0.750497
-0.058824 0.973146
0.896598 0.290171
-0.696550 0.278254
0.131324 -0.062668
-0.143925 0.198540
0.699940 0.502242
0.158721 0.849408
-0.870520 0.982693
-0.894011 -0.601009
-0.154495 -0.784982
0.247341 -0.904015
-0.430752 -0.877927
0.407039 0.336912
-0.242839 -0.623611
0.494010 -0.319241
0.590602 -0.024198
0.051339 -0.943018
0.288464 -0.298687
-0.541590 -0.132233
-0.235065 -0.060422
0.958967 -0.271244
0.548820 0.105535
0.778262 -0.290094
-0.508963 0.822038
-0.912931 0.901507
0.112814 -0.247274
0.990105 -0.883275
0.033413 -0.937806
0.142351 -0.639063
0.261918 0.961847
0.749805 -0.096328
0.416922 0.554938
-0.010314 0.057067
-0.698431 -0.261200
-0.715557 0.453788
-0.045974 -0.102242
0.771996 0.055238
-0.181818 -0.462216
-0.855976 -0.163728
-0.948493 -0.417692
0.007019 0.931866
-0.781234 0.346082
-0.000135 0.554196
-0.712786 -0.833595
-0.201563 0.593925
-0.616649 0.535554
-0.419404 -0.566217
-0.966569 -0.202682
-0.237837 0.318690
-0.858163 -0.694792
-0.966848 -0.772407
0.303579 -0.194686
-0.357947 0.115824
0.986921 0.668973
0.399246 0.836517
-0.920543 -0.859333
-0.051987 -0.301665
0.874504 -0.020870
0.079298 0.790521
-0.106730 0.754069
-0.492837 -0.452381
-0.343277 0.095129
-0.559743 0.342858
-0.714413 -0.811799
0.740383 -0.526263
-0.227992 0.143084
0.051604 -0.847952
0.748252 0.902271
0.625015 -0.432396
0.055694 -0.321167
0.109335 0.948807
-0.376594 0.337593
-0.348066 0.548955
-0.348380 0.779655
0.503415 0.525264
-0.061042 -0.578471
-0.917050 -0.356342
-0.925775 0.387711
0.340700 -0.139056
0.535578 0.072017
-0.920280 -0.730414
-0.613167 -0.328672
-0.895374 0.210234
0.024122 0.234922
-0.135289 0.695401
-0.091882 -0.969193
0.746136 0.312403
0.646006 0.903551
-0.898175 -0.529856
-0.873313 -0.156684
0.727658 -0.836752
-0.053776 -0.748914
0.545771 0.682844
-0.913418 -0.027119
-0.521178 0.904948
0.887785 0.227868
0.946975 -0.310277
0.795701 -0.130810
-0.528371 0.881656
0.368436 -0.870177
0.740850 0.402761
0.209854 0.464750
-0.493122 0.200978
0.629238 -0.891773
-0.738979 0.684892
0.236692 0.062576
-0.503419 -0.409843
0.745372 -0.156668
-0.871139 0.793970
-0.593238 0.652455
0.763541 -0.026499
0.196929 0.054535
0.249643 0.710083
-0.435721 0.767511
0.135381 -0.769794
-0.545998 0.191965
-0.521108 -0.737169
-0.676305 0.689745
0.204367 0.927134
-0.308642 0.191250
0.197971 0.231409
-0.881646 0.500634
0.896419 0.069358
-0.614888 0.505852
-0.985362 -0.343488
0.835213 0.176735
0.710381 0.209344
0.645156 0.758967
-0.358027 -0.754090
0.442607 -0.119306
-0.746529 0.179647
-0.927863 -0.599636
0.576602 -0.975806
-0.393309 -0.957248
0.994970 0.164060
-0.413247 0.857899
0.014239 -0.090616
0.175743 -0.471725
-0.389423 -0.256691
-0.511104 0.169095
0.391692 -0.856106
0.942167 0.506141
0.612326 0.503281
-0.839878 -0.036607
-0.108654 0.344945
-0.102525 0.408627
0.363291 0.394297
0.237201 -0.698039
0.521605 0.562092
0.808206 -0.532463
-0.646642 -0.217802
-0.358871 0.630954
0.227052 0.520004
-0.144670 -0.801119
-0.769930 -0.253186
-0.612304 0.641493
0.199272 0.377691
-0.017780 -0.823653
-0.529845 -0.076796
-0.602817 -0.949048
0.458795 0.449833
-0.339217 0.686988
-0.143115 0.729372
0.314131 0.162071
-0.598545 0.059093
0.788865 -0.390012
0.741891 0.817491
-0.340311 0.366149
0.798442 -0.848606
0.757176 -0.618321
0.699538 0.334238
-0.311322 -0.697249
0.270742 0.695576
0.643699 0.256479
0.912603 0.179846
-0.604334 -0.141339
-0.326508 0.983890
-0.239527 0.985402
0.037609 -0.655441
-0.850852 -0.259389
-0.753162 0.269037
-0.172160 0.981831
0.859911 -0.701528
-0.210235 -0.076841
0.121898 0.560727
-0.025612 -0.160013
-0.476001 0.821612
-0.955457 0.642244
-0.623063 0.371514
-0.289581 0.948425
-0.754456 -0.624860
0.778885 0.166813
-0.381507 -0.998471
-0.544805 -0.709193
-0.593132 0.792645
0.746189 0.400579
-0.059005 0.654272
-0.008347 -0.273023
-0.448794 0.849482
-0.226022 -0.014238
-0.491124 0.769933
-0.233473 -0.404851
0.435190 -0.618260
-0.763615 0.673996
0.488272 0.181041
-0.514217 0.246494
0.276711 -0.344861
-0.865021 0.761077
-0.080087 0.527745
-0.492223 0.182774
-0.142410 -0.235799
-0.746573 -0.511467
-0.841317 -0.394283
0.483410 0.230031
0.344822 -0.983234
0.356754 0.006361
-0.538183 -0.650207
-0.630034 0.688520
0.965180 0.827479
-0.305261 0.560449
0.092909 0.632885
-0.032546 0.179903
0.574527 -0.799531
0.074014 -0.268033
0.208614 0.917605
-0.214354 -0.214054
0.581274 0.290157
-0.212232 0.377910
-0.191997 -0.727774
-0.098713 -0.331161
-0.564062 0.851550
0.379279 0.197642
0.493315 0.083942
0.401066 0.861120
0.725233 -0.665116
-0.473722 -0.856779
0.957346 -0.527232
0.321197 -0.820739
-0.578458 0.005649
-0.790093 -0.222253
0.075975 -0.321592
0.111800 0.073537
-0.218779 0.392540
0.356965 0.374606
0.122983 -0.283840
0.226225 0.871473
0.193777 0.959180
-0.117987 0.479224
-0.924792 0.529453
0.036563 -0.989367
-0.445600 0.069664
0.535926 -0.893815
0.098107 0.601989
0.299166 0.862894
-0.850537 -0.446387
0.838475 0.530010
0.199481 0.665936
0.792087 0.945441
0.997041 -0.720701
-0.858916 -0.853067
-0.970512 0.943640
-0.810466 0.683474
0.370346 -0.024886
-0.306610 -0.292704
-0.492322 0.822036
0.451285 -0.948148
-0.076957 -0.437397
-0.942068 0.769364
0.542011 -0.340530
0.593117 -0.350723
-0.384235 0.856218
0.953832 0.047111
0.903870 0.775993
0.036065 -0.254502
0.420709 -0.088713
0.210426 0.980812
0.547832 -0.331447
-0.822004 -0.630189
0.053704 -0.165795
0.601319 0.866405
-0.644271 0.720134
0.914790 0.918941
-0.924275 -0.884833
-0.988405 -0.374638
-0.888603 -0.412275
-0.287967 0.907354
-0.046098 -0.443523
0.006010 0.286716
-0.777509 0.516123
0.703892 0.688500
0.781014 -0.236315
-0.112390 -0.796837
-0.548386 0.942641
-0.430752 0.814792
0.781105 0.845009
-0.687701 0.759444
0.263990 -0.578744
-0.309768 -0.680162
-0.111304 -0.832450
-0.669363 -0.605607
0.382055 0.147606
0.746646 -0.510732
0.259216 -0.931137
0.032397 0.726453
0.968253 -0.980254
-0.494317 -0.552301
-0.904925 -0.979655
-0.019609 -0.909036
-0.443344 0.279949
-0.410616 -0.460691
0.181093 -0.238932
0.405046 -0.007752
0.266419 -0.293211
-0.425912 -0.733586
0.874161 0.609672
0.876057 -0.629239
0.866312 0.871506
-0.432911 -0.450732
0.102863 -0.629422
-0.115798 -0.629365
0.894752 -0.012351
0.927836 0.289883
-0.031368 0.935390
-0.713620 0.264660
0.323777 -0.132320
-0.881286 -0.014555
-0.069732 0.613494
-0.486678 -0.217139
-0.519656 0.372887
0.979767 -0.645141
0.642893 -0.538023
-0.884048 -0.722367
0.870306 0.777084
-0.421479 0.895528
0.699861 -0.130690
-0.063901 0.259706
-0.683936 -0.970436
-0.468976 -0.969113
0.348998 0.102938
-0.356704 0.560405
-0.708429 -0.510239
-0.415372 -0.608136
-0.824123 0.739952
-0.823623 0.367421
-0.759198 -0.978602
0.114536 0.814218
0.720913 -0.323097
-0.945682 0.601719
0.611970 0.736976
0.339293 0.615558
0.794997 -0.092340
0.115651 0.012262
0.383968 0.365814
0.040627 0.656936
0.011559 0.649717
-0.436310 -0.643010
0.939741 0.483879
-0.480417 0.162471
0.910525 -0.838492
-0.832932 0.238270
-0.551013 0.530368
0.136305 0.332376
-0.784372 -0.831434
0.250242 -0.180537
-0.825495 -0.257872
0.344289 -0.620825
0.791458 0.899693
0.923145 0.460165
-0.187423 0.487498
-0.424026 -0.371166
0.211793 0.189694
0.757322 -0.490798
0.532377 0.882027
-0.997934 -0.047822
0.314081 0.686646
-0.632521 0.712318
-0.271269 0.784548
-0.944577 -0.829220
0.962821 0.219004
-0.164735 -0.661572
0.299802 -0.926050
-0.376772 -0.353042
0.214884 0.301663
0.692109 0.855162
0.320915 0.156348
-0.202569 0.933225
-0.691842 0.790174
-0.377974 0.096978
0.364133 -0.527061
-0.664527 0.016964
0.583728 0.384829
-0.762053 0.801484
-0.040525 0.893353
0.106867 -0.830396
-0.595074 0.708476
0.411855 0.789879
-0.341708 0.056003
0.300796 0.188582
-0.537074 -0.146357
-0.503777 0.691230
0.973355 -0.866858
0.427856 -0.339769
0.250871 -0.483741
0.302015 -0.257706
-0.410358 0.823526
0.884998 0.227100
-0.571064 0.878838
0.500907 0.502180
-0.576557 0.660313
-0.519810 0.263241
0.421479 0.484767
-0.219471 0.519651
0.805872 0.174840
-0.819181 -0.742048
-0.789475 -0.654545
-0.747138 0.556602
-0.921177 -0.516883
0.758133 0.947038
0.210844 0.952477
-0.913097 0.897146
-0.377408 0.597946
0.621258 0.719997
-0.082898 0.861289
-0.484214 0.868891
0.238239 0.970890
-0.934712 0.450333
0.131108 -0.015152
-0.481564 -0.346339
-0.501076 -0.561464
0.599322 0.004790
-0.833620 0.553968
0.067298 0.478776
0.030787 -0.200108
0.972494 -0.943515
0.865528 0.861710
-0.218163 -0.571070
0.238427 -0.644055
0.606416 -0.492132
-0.418388 0.831832
0.805834 0.070762
0.725678 -0.294935
0.995769 -0.132621
-0.410376 -0.916852
0.979414 -0.070225
0.469170 0.281615
0.446187 -0.897778
0.840091 0.853682
0.103990 0.927832
-0.438089 0.204293
-0.207075 0.256046
-0.398735 0.638717
-0.860428 -0.916245
-0.901207 -0.699090
-0.209299 0.910780
-0.778409 0.295106
0.055243 -0.293515
-0.603602 -0.558812
-0.912357 0.426328
0.307680 -0.112460
0.437879 -0.780048
0.877438 0.695253
0.318071 -0.242338
-0.166867 -0.035692
0.870568 0.727186
-0.044152 0.109037
0.750808 0.898529
0.278370 0.497041
-0.296750 0.836057
0.673504 0.104112
0.735254 0.699744
0.616823 -0.738614
0.072005 0.801566
0.541664 -0.158574
0.955761 -0.498454
-0.332780 0.908401
0.617431 0.800680
-0.976821 -0.240471
-0.528956 -0.408130
0.475991 0.448170
-0.076401 -0.269451
0.169383 0.067416
0.101159 0.230954
-0.208703 0.543437
-0.497594 0.311522
0.920794 -0.992890
0.446722 -0.782010
0.087575 0.253832
-0.514106 0.827688
0.244625 -0.536611
0.540264 -0.788986
0.110451 -0.810088
0.161968 -0.494040
0.298934 0.431654
0.048371 0.315043
0.626588 0.615025
0.239364 -0.097795
-0.184100 0.749495
0.405863 -0.630130
0.131464 0.817616
-0.698620 0.691035
0.640405 -0.001318
-0.924832 -0.704995
0.845277 -0.911690
-0.255002 0.238079
-0.606104 0.962160
-0.688050 0.079358
0.236023 -0.538020
-0.067382 -0.017983
0.533725 0.268562
-0.064900 0.333885
-0.093245 0.051423
0.317136 -0.637609
0.576099 0.205731
0.960666 -0.555234
-0.067467 0.791284
0.202867 0.451918
-0.172660 0.368619
0.892110 -0.599628
0.614731 0.939076
-0.970863 -0.569581
-0.765246 0.534847
-0.837567 0.996827
-0.220776 0.810406
-0.622845 -0.118256
0.689624 0.190540
-0.075684 0.025299
0.147771 -0.119362
-0.612882 -0.772068
-0.697544 -0.895018
0.117353 0.695442
-0.281761 -0.849378
-0.148551 0.204016
-0.149193 0.621442
0.883772 0.739822
0.407999 -0.059402
0.365396 -0.973163
0.964956 -0.655845
0.812521 0.614220
0.600279 -0.462128
-0.561692 -0.142399
0.698742 -0.099241
0.870840 -0.294641
0.238784 0.961398
0.286925 -0.909004
-0.072886 -0.330497
0.064363 -0.430508
-0.755478 0.336578
0.362720 0.734279
-0.735237 0.597241
0.653537 0.293100
-0.590156 -0.477159
-0.163006 0.083598
-0.045124 -0.065080
0.679681 0.740205
0.633508 0.755603
0.142018 0.928072
0.213089 0.207895
-0.361405 0.362408
-0.896069 -0.730907
-0.739516 0.310403
-0.649335 -0.317706
-0.911377 -0.532531
0.928449 0.018279
-0.697851 0.046017
0.887019 0.731372
-0.215868 -0.432265
0.523460 -0.519031
-0.491535 -0.831827
0.728288 -0.104202
0.123573 0.473422
0.592978 -0.104984
-0.631745 0.657466
-0.938004 0.893457
0.153956 0.750777
0.217131 -0.496681
-0.407740 0.065845
0.924156 -0.631009
0.019797 -0.312424
0.539451 0.605733
-0.150880 -0.591755
-0.865821 -0.602703
-0.455198 0.197578
0.746167 -0.743538
0.916377 0.366342
0.483928 0.965762
-0.167798 0.063167
0.358426 0.025750
-0.401775 -0.789231
-0.430136 0.537706
0.281565 0.602661
0.034241 -0.535800
0.255924 -0.391989
-0.940943 0.806662
-0.159261 -0.147738
0.482503 0.896917
-0.854969 -0.654598
-0.355285 -0.503152
